使用newsimplecheck记录下的超过unitdata的情况
要怎么处理scaleelem.x()<1e-10的问题？
算出来的

按照理性思考，对于x轴上scale elem很小的情况，unitdata对应的x应该取0而影响不大

1 1.05469 1 1
1 7.28379e+06 1 1
1 1.67271e+06 1 1
1 2.80895e+07 1 1
1 1.77601e+07 1 1
1 1.09375 1 1
1 1.25 1 1
1 8.51892e+06 1 1
1 1.03125 1 1
1 1.45734e+06 1 1
1 48610.9 1 1
1 1.38357e+07 1 1
1 5.95222e+06 1 1
1 9.23687e+06 1 1
1 6.39149e+06 1 1
1 5.96942e+07 1 1
1 5.97465e+07 1 1
1 2.05116e+06 1 1
1 4.71895e+07 1 1
1 2.02945e+06 1 1
1 9.85365e+06 1 1
1 2.66462e+06 1 1
1 1.08965e+06 1 1
1 6.21715e+06 1 1
1 6.74593e+06 1 1
1 1.97423e+06 1 1
1 1.19376e+07 1 1
1 3.44908e+06 1 1
1 5.35757e+06 1 1
1 1.69241e+08 1 1
1 1.0625 1 1
1 2.03866e+07 1 1
1 3.18994e+06 1 1
1 2.53074e+07 1 1
1 589784 1 1
1 1.52432e+06 1 1
1 1.05469 1 1
1 1.63718e+06 1 1
1 2.46627e+07 1 1

要设置一个scaleelem x_value的门槛